4294967279,174
4294967294,1373
4294967294,1379
4294967279,447
103,2
14,1
42,21
4294967278,276
496,108
496,92
4294967278,423
496,99
308,6
308,5
304,5
499,4
498,4
63,5
63,8
15,8
15,6
4294967294,1246
4294967294,1346
4294967294,1245
4294967294,1359
4294967294,151
4294967294,1353
4294967294,1210
304,1
4294967278,316
4294967278,137
4294967279,358
103,1
107,13
107,12
107,11
107,10
107,9
107,8
107,7
107,6
107,1
107,5
107,4
103,10
103,9
103,8
103,7
103,6
103,4
103,5
4294967294,1243
4294967279,302
15,1
63,1
164,7
161,6
161,5
496,104
496,106
407,5
35,4
4294967294,1222
4294967294,1231
4294967278,315
35,1
4294967279,368
43,6
42,22
4294967278,422
496,39
496,20
496,105
496,103
496,95
496,97
496,152
496,150
496,94
4294967294,1125
278,7
278,5
4294967294,1197
115,4
117,7
117,5
115,6
347,7
347,5
64,21
4294967279,301
4294967279,263
42,5
208,5
208,7
206,5
4294967294,1236
4294967278,314
217,7
217,5
40,4
40,5
97,5
496,89
4,30
4,6
4,1
4,29
4,5
4,32
4,4
4294967278,405
4294967278,418
4294967278,392
4294967278,435
4294967278,348
145,5
111,5
90,4
89,4
181,4
130,1
130,5
178,4
178,1
143,4
145,8
144,13
144,12
144,16
145,7
144,6
145,6
145,4
146,4
147,4
27,4
64,22
64,31
64,15
64,36
64,8
64,35
64,7
5,25
5,7
5,21
5,6
5,1
5,24
5,5
5,26
5,4
4294967278,416
4294967294,1312
4294967294,1311
471,6
470,4
4294967294,1387
4294967294,1129
4294967294,1403
4294967294,1402
144,15
3,28
3,25
151,4
4294967294,1411
496,107
496,2
496,0
496,86
496,88
496,69
2,9
58,13
64,38
64,10
64,11
64,12
64,28
64,19
64,17
64,37
64,30
4294967279,300
111,1
4294967294,1126
4294967294,1148
4294967294,1128
4294967294,1124
144,1
4294967294,1216
4294967294,1219
4294967294,1143
4294967294,1178
64,33
64,41
64,42
64,4
64,1
64,5
58,1
58,9
58,5
3,1
4294967294,1389
4294967294,1201
4294967294,6
4294967294,94
4294967294,93
4294967294,1360
4294967294,96
4294967294,95
518,9
518,8
518,7
518,6
518,5
518,4
518,3
518,2
518,1
4294967278,321
0,7
4294967294,44
4294967294,53
4294967294,2
4294967294,0
4294967294,1400
4294967294,28
4294967294,92
4294967294,88
4294967294,86
4294967294,1383
4294967294,1
4294967294,84
0,4
3,18
3,14
3,20
3,8
2,1
4294967278,395
4294967278,340
4294967278,398
58,12
58,8
58,7
4294967294,1309
3,11
3,26
3,27
3,24
3,34
3,22
3,19
3,17
3,12
3,30
3,7
3,6
2,8
2,11
2,7
2,4
133,1
496,74
496,90
496,59
132,37
132,29
132,30
4294967278,400
4294967278,394
4294967278,443
4294967294,1292
4294967294,476
4294967294,1304
4294967294,1303
4294967294,1302
4294967294,1301
4294967294,1308
4294967294,1291
4294967294,1300
4294967294,1290
4294967294,477
4294967294,1288
4294967294,26
4294967294,507
4294967294,1299
4294967294,481
4294967294,483
4294967294,474
4294967294,1307
4294967294,1285
4294967294,503
4294967294,1284
4294967294,488
4294967294,486
4294967294,485
4294967294,1283
4294967294,1282
4294967294,489
4294967294,1281
4294967294,1280
4294967294,484
4294967294,482
4294967294,1138
4294967294,1294
4294967294,1296
4294967294,1295
4294967294,501
4294967294,471
4294967294,506
4294967294,498
4294967294,497
4294967294,511
4294967294,478
4294967294,475
4294967294,510
4294967294,491
4294967294,1298
4294967294,1388
4294967294,509
4294967294,495
4294967294,494
4294967294,493
4294967294,490
4294967294,492
4294967294,1293
4294967294,1354
4294967294,1306
4294967294,1305
4294967294,1380
4294967294,1345
4294967294,508
4294967294,1149
4294967294,499
4294967294,500
4294967294,505
4294967294,504
4294967294,1406
4294967294,1405
4294967294,1404
4294967294,211
4294967294,213
4294967294,83
4294967294,127
4294967278,324
4294967278,383
458,7
458,6
458,5
4294967294,1267
4294967294,7
119,4
119,5
4294967294,1241
55,6
319,4
4294967294,1244
3,31
3,35
3,33
3,29
3,32
3,23
64,43
64,9
58,10
125,4
4294967294,1234
202,4
131,4
2,10
2,5
4294967294,1224
4294967279,385
4294967278,313
16,2
4294967294,1381
4294967279,446
4294967279,392
179,7
179,6
179,1
179,5
179,4
4294967279,400
4294967294,1173
4294967294,1145
4294967294,1171
4294967294,496
4294967294,1179
4294967278,282
514,6
513,7
23,14
23,12
342,5
4294967278,391
4294967294,1177
4294967278,300
245,5
17,5
409,1
409,7
4294967294,1412
4294967294,1144
4294967294,1397
4294967294,1399
4294967294,1401
4294967294,1391
4294967294,1407
4294967294,215
4294967294,214
408,1
408,5
408,4
272,4
4294967294,1232
351,4
343,4
4294967294,1120
304,4
4294967294,1130
200,7
200,6
200,5
4294967294,1229
506,4
18,4
18,5
114,6
114,5
4294967294,1262
4294967294,1260
4294967294,22
4294967294,473
56,1
342,1
342,4
4294967294,1098
4294967294,1286
4294967294,1287
4294967294,1366
4294967294,212
16,10
16,9
16,8
16,7
16,6
16,1
16,5
4294967294,81
4294967294,11
495,2
4294967279,424
4294967279,366
4294967279,405
4294967279,299
4294967279,384
4294967294,1088
4294967279,298
4294967278,410
340,4
4294967278,279
4294967278,431
495,1
4294967278,215
495,4
495,5
144,17
144,11
137,4
135,4
136,4
136,6
4294967294,1223
187,7
187,6
187,5
4294967294,1156
112,8
112,6
112,5
111,4
110,4
4294967294,1252
116,6
4294967294,1263
3,9
205,5
39,5
341,5
335,6
4294967294,1409
4294967279,365
4294967278,225
4294967278,346
4294967294,1099
4294967294,1235
11,5
4294967294,157
4294967294,1103
4294967294,1089
4294967294,472
4294967294,154
67,4
69,5
4294967294,1113
4294967294,480
4294967294,1110
4294967294,1092
4294967278,298
4294967294,1233
4294967294,1250
4294967294,1396
41,9
41,7
41,6
41,2
41,1
41,8
4294967279,296
225,4
496,98
4294967278,384
409,8
409,4
409,6
409,5
4294967294,1372
224,6
224,1
44,7
44,6
44,4
44,5
4294967294,1116
42,1
42,12
4294967279,434
144,9
144,10
496,56
153,8
153,7
153,6
63,4
63,11
468,6
4294967294,1271
9,5
4294967294,159
55,4
6,5
496,79
496,87
496,63
132,43
132,42
218,5
4294967294,1217
63,7
65,4
42,6
63,10
63,9
63,6
4294967294,1119
56,6
39,4
152,4
4294967294,1249
56,4
3,10
3,13
3,4
3,16
3,15
3,5
6,4
141,5
140,4
140,7
139,4
141,7
140,8
140,5
4294967294,1221
4294967294,1410
4294967294,1220
22,6
22,5
21,6
21,5
4294967294,1102
4294967294,1175
4294967294,1127
4294967294,1091
4294967294,1096
4294967294,208
41,4
36,7
36,6
36,5
38,6
38,5
37,7
30,4
34,6
34,5
32,6
35,6
65,5
64,40
64,23
64,39
64,6
65,7
66,5
4294967294,1115
504,4
4294967294,1247
7,4
144,8
15,4
15,5
14,4
14,6
15,7
42,20
42,4
123,6
123,5
58,11
58,6
58,4
20,4
20,6
20,5
56,7
144,7
144,4
144,14
144,5
41,5
496,96
496,12
496,93
496,11
496,10
496,9
496,101
496,8
496,7
496,6
496,1
496,100
496,5
496,4
43,4
43,5
222,6
222,5
222,1
222,4
225,1
224,4
224,5
223,8
223,0
223,2
223,4
132,9
133,4
132,6
132,15
132,4
4294967294,209
123,4
4294967294,1136
4294967294,1142
4294967294,1185
4294967294,25
4294967294,487
320,4
21,4
56,5
16,4
4294967294,1230
132,105
132,5
4294967294,1254
4294967294,1198
4294967294,153
223,5
223,7
223,1
132,39
132,25
4294967294,68
4294967294,5
4294967294,1176
4294967294,17
4294967294,67
4294967294,41
4294967294,1182
4294967294,1204
4294967294,1166
4294967294,1358
4294967294,502
4294967294,1196
4294967294,82
132,75
132,49
132,149
132,47
132,148
132,104
132,97
132,103
132,54
221,20
221,0
132,147
132,91
132,146
